{
  "camera_angle_x": 0.7479240009746395,
  "camera_angle_y": 1.2184208791634232,
  "fl_x": 1376.0477724362931,
  "fl_y": 1375.8622692106421,
  "k1": 0.04915768944070234,
  "k2": -0.06624297203770176,
  "k3": 0,
  "k4": 0,
  "p1": -0.001185336651150486,
  "p2": 0.00018326795737386346,
  "is_fisheye": false,
  "cx": 551.9329243143546,
  "cy": 962.5957373251406,
  "w": 1080.0,
  "h": 1920.0,
  "aabb_scale": 16,
  "frames": [
    {
      "file_path": "./images/0008.jpg",
      "sharpness": 19.888845965288485,
      "transform_matrix": [
        [
          0.9542916755662185,
          0.056025115590195004,
          0.2935789235199853,
          1.5069866320978063
        ],
        [
          0.29395250977723414,
          0.0016380003241344666,
          -0.9558186224125035,
          -4.526955964593799
        ],
        [
          -0.054030731175806056,
          0.998428016105821,
          -0.014905593264401128,
          -0.42572759438236835
        ],
        [
          0.0,
          0.0,
          0.0,
          1.0
        ]
      ]
    },
    {
      "file_path": "./images/0021.jpg",
      "sharpness": 18.27247047087116,
      "transform_matrix": [
        [
          0.5396615362458993,
          0.011351164525890065,
          0.841805546030466,
          3.773443877460367
        ],
        [
          0.8412405837500142,
          0.031755970363843374,
          -0.5397275596058799,
          -2.6245510568202697
        ],
        [
          -0.03285888830010584,
          0.999431192917828,
          0.0075884154795289255,
          -0.30615045581227673
        ],
        [
          0.0,
          0.0,
          0.0,
          1.0
        ]
      ]
    },
    {
      "file_path": "./images/0012.jpg",
      "sharpness": 18.79738999665605,
      "transform_matrix": [
        [
          0.8590570917303373,
          0.02456334169788398,
          0.5112900892443318,
          2.6721699724152312
        ],
        [
          0.5096728974188085,
          0.05160590567886126,
          -0.8588191708012308,
          -3.897323216361335
        ],
        [
          -0.04748105686916343,
          0.9983654003974449,
          0.03181314971514401,
          -0.3369065386239944
        ],
        [
          0.0,
          0.0,
          0.0,
          1.0
        ]
      ]
    },
    {
      "file_path": "./images/0022.jpg",
      "sharpness": 20.68469744351142,
      "transform_matrix": [
        [
          0.4301768505792921,
          0.04666355936557493,
          0.9015377914541607,
          3.932151451110994
        ],
        [
          0.9023461598705703,
          0.007442761022916789,
          -0.43094780783190373,
          -2.391805977615533
        ],
        [
          -0.02681948894914985,
          0.9988829348340352,
          -0.03890498010296613,
          -0.25636204574936167
        ],
        [
          0.0,
          0.0,
          0.0,
          1.0
        ]
      ]
    },
    {
      "file_path": "./images/0026.jpg",
      "sharpness": 19.840499907651644,
      "transform_matrix": [
        [
          0.23272253468847584,
          0.10697008910078643,
          0.9666424477814793,
          4.194680989745625
        ],
        [
          0.9718269201694183,
          0.01256078882751244,
          -0.2353607100133452,
          -1.6169596837193176
        ],
        [
          -0.03731834777924476,
          0.9941828939328877,
          -0.10103323362744003,
          -0.3422752709727736
        ],
        [
          0.0,
          0.0,
          0.0,
          1.0
        ]
      ]
    },
    {
      "file_path": "./images/0007.jpg",
      "sharpness": 21.502008020345116,
      "transform_matrix": [
        [
          0.9745621744731074,
          0.06641284272947688,
          0.21405116765359353,
          1.1414218125807085
        ],
        [
          0.2144231153564796,
          0.001559932859697865,
          -0.9767396245726019,
          -4.647034239493932
        ],
        [
          -0.06520196052446788,
          0.9977910106314973,
          -0.012720197077955112,
          -0.5010327223797266
        ],
        [
          0.0,
          0.0,
          0.0,
          1.0
        ]
      ]
    },
    {
      "file_path": "./images/0009.jpg",
      "sharpness": 24.330851175887958,
      "transform_matrix": [
        [
          0.9304832443805474,
          0.04360362520370997,
          0.36373019638624116,
          1.8203173975299582
        ],
        [
          0.36417428977141725,
          -0.002433065402187872,
          -0.9313276366897767,
          -4.391333545037092
        ],
        [
          -0.039724281855519454,
          0.9990459469057488,
          -0.018143245829237896,
          -0.36360780335661186
        ],
        [
          0.0,
          0.0,
          0.0,
          1.0
        ]
      ]
    },
    {
      "file_path": "./images/0014.jpg",
      "sharpness": 24.573150463855786,
      "transform_matrix": [
        [
          0.7820433553752755,
          0.044710853748945005,
          0.6216181543660464,
          3.1297842550067285
        ],
        [
          0.6192979880435945,
          0.056028859870642045,
          -0.7831543710321001,
          -3.567868494433022
        ],
        [
          -0.06984405701008545,
          0.997427544429022,
          0.016127655800655102,
          -0.3202393242049181
        ],
        [
          0.0,
          0.0,
          0.0,
          1.0
        ]
      ]
    },
    {
      "file_path": "./images/0027.jpg",
      "sharpness": 26.90392349054784,
      "transform_matrix": [
        [
          0.18018775703644668,
          0.11115655401776198,
          0.9773313627834214,
          4.176512622580768
        ],
        [
          0.98363072290834,
          -0.02210405469996674,
          -0.17883515235146036,
          -1.5076861063435762
        ],
        [
          0.0017242866303280179,
          0.9935570598771305,
          -0.11331988162228891,
          -0.3675006355105021
        ],
        [
          0.0,
          0.0,
          0.0,
          1.0
        ]
      ]
    },
    {
      "file_path": "./images/0004.jpg",
      "sharpness": 29.769472255739693,
      "transform_matrix": [
        [
          0.9890910323334633,
          0.05856990762055319,
          0.13516099898222395,
          0.7634576955567761
        ],
        [
          0.1367827137829287,
          -0.024607179958996476,
          -0.9902953983052611,
          -4.7856978662175305
        ],
        [
          -0.054675578970404586,
          0.9979799860632289,
          -0.032350091938813816,
          -0.5429326730468897
        ],
        [
          0.0,
          0.0,
          0.0,
          1.0
        ]
      ]
    },
    {
      "file_path": "./images/0019.jpg",
      "sharpness": 26.730619209501448,
      "transform_matrix": [
        [
          0.6484241642905157,
          0.014603196576297356,
          0.7611391789816951,
          3.4070799531515106
        ],
        [
          0.7606294187116538,
          0.028874359532746828,
          -0.6485438757338458,
          -3.325594688638265
        ],
        [
          -0.031448220014072215,
          0.9994763718959632,
          0.007615211526284269,
          -0.23956661701377327
        ],
        [
          0.0,
          0.0,
          0.0,
          1.0
        ]
      ]
    },
    {
      "file_path": "./images/0018.jpg",
      "sharpness": 26.132315759762008,
      "transform_matrix": [
        [
          0.651667013818477,
          0.04032144977262076,
          0.7574326925583367,
          3.523292874367229
        ],
        [
          0.7568568031804918,
          0.031231293976054786,
          -0.6528341181003946,
          -3.2771205520755275
        ],
        [
          -0.04997882119120225,
          0.9986985465753984,
          -0.010165159491445714,
          -0.27472100486112355
        ],
        [
          0.0,
          0.0,
          0.0,
          1.0
        ]
      ]
    },
    {
      "file_path": "./images/0006.jpg",
      "sharpness": 27.124473160185637,
      "transform_matrix": [
        [
          0.9845440837342412,
          0.06814249067302142,
          0.16133675376618067,
          0.9275979204065296
        ],
        [
          0.1620532070768643,
          -0.005083922797322287,
          -0.9867689252327649,
          -4.7697101856483295
        ],
        [
          -0.06642066868358301,
          0.9976626457178946,
          -0.01604805526403369,
          -0.4927927375841279
        ],
        [
          0.0,
          0.0,
          0.0,
          1.0
        ]
      ]
    },
    {
      "file_path": "./images/0001.jpg",
      "sharpness": 31.752987436300323,
      "transform_matrix": [
        [
          0.9888977658132048,
          0.05563432872841708,
          0.1377898044255043,
          0.9496211712392858
        ],
        [
          0.13986487921645946,
          -0.035289956372673716,
          -0.9895415274463786,
          -4.7874161779716795
        ],
        [
          -0.05018988244159627,
          0.9978273600243432,
          -0.04267944768047133,
          -0.5591443463124479
        ],
        [
          0.0,
          0.0,
          0.0,
          1.0
        ]
      ]
    },
    {
      "file_path": "./images/0025.jpg",
      "sharpness": 22.886663306836194,
      "transform_matrix": [
        [
          0.2851367860355928,
          0.09960289420369355,
          0.9532975803402467,
          4.204907295901625
        ],
        [
          0.957172288415019,
          0.022482020661548325,
          -0.2886447107384125,
          -1.7886668799030467
        ],
        [
          -0.05018190448394723,
          0.9947732516408986,
          -0.08892667906268854,
          -0.298004824186056
        ],
        [
          0.0,
          0.0,
          0.0,
          1.0
        ]
      ]
    },
    {
      "file_path": "./images/0003.jpg",
      "sharpness": 34.03253962361947,
      "transform_matrix": [
        [
          0.988612746926332,
          0.056987387387324284,
          0.1392740975938026,
          0.821516177510417
        ],
        [
          0.14109459456657833,
          -0.02925778474414325,
          -0.9895636904292169,
          -4.805639142726248
        ],
        [
          -0.052317797803085556,
          0.9979461005874102,
          -0.03696523126370982,
          -0.5735623618988482
        ],
        [
          0.0,
          0.0,
          0.0,
          1.0
        ]
      ]
    },
    {
      "file_path": "./images/0029.jpg",
      "sharpness": 26.585992931101654,
      "transform_matrix": [
        [
          0.14077938795804706,
          0.1329998678081533,
          0.9810668677802755,
          4.31450164912681
        ],
        [
          0.9895418143791518,
          -0.05036589083935358,
          -0.13516757982263014,
          -1.1583109232370792
        ],
        [
          0.03143503652037007,
          0.9898354975297655,
          -0.1386994097893932,
          -0.3920805534909424
        ],
        [
          0.0,
          0.0,
          0.0,
          1.0
        ]
      ]
    },
    {
      "file_path": "./images/0031.jpg",
      "sharpness": 25.101529685578996,
      "transform_matrix": [
        [
          0.058096082978213816,
          0.13746311872936814,
          0.9888016667152281,
          4.250158859406562
        ],
        [
          0.9973060263587672,
          -0.0524231929035116,
          -0.05130788081980883,
          -0.7989640680972261
        ],
        [
          0.04478319920464053,
          0.9891186479902343,
          -0.1401383788757747,
          -0.36256106018018613
        ],
        [
          0.0,
          0.0,
          0.0,
          1.0
        ]
      ]
    },
    {
      "file_path": "./images/0002.jpg",
      "sharpness": 34.478819913413005,
      "transform_matrix": [
        [
          0.9886270467382234,
          0.05668622397571755,
          0.13929549323672272,
          0.8892131266347779
        ],
        [
          0.1412337386971348,
          -0.031738717279773204,
          -0.9894673743378284,
          -4.808362270699107
        ],
        [
          -0.05166810892019222,
          0.9978874314289156,
          -0.039383761676275324,
          -0.5645840255801908
        ],
        [
          0.0,
          0.0,
          0.0,
          1.0
        ]
      ]
    },
    {
      "file_path": "./images/0030.jpg",
      "sharpness": 28.50210444869171,
      "transform_matrix": [
        [
          0.09044566426958987,
          0.13471618648758232,
          0.9867477544337785,
          4.273036199900877
        ],
        [
          0.995111479237782,
          -0.051679746301506305,
          -0.08415668548212875,
          -0.9416904821187573
        ],
        [
          0.03965760587713146,
          0.989535624870315,
          -0.13873183259645439,
          -0.39979972514309264
        ],
        [
          0.0,
          0.0,
          0.0,
          1.0
        ]
      ]
    },
    {
      "file_path": "./images/0052.jpg",
      "sharpness": 13.456406073969257,
      "transform_matrix": [
        [
          0.9380172209979305,
          -0.036354651149999556,
          0.3446767071011761,
          0.8959221219303507
        ],
        [
          0.31691306512334605,
          -0.3126611680322859,
          -0.8954379393116781,
          -2.796242345319916
        ],
        [
          0.1403203557459265,
          0.9491687591333098,
          -0.2817602960241754,
          -1.5841080956525202
        ],
        [
          0.0,
          0.0,
          0.0,
          1.0
        ]
      ]
    },
    {
      "file_path": "./images/0034.jpg",
      "sharpness": 18.662095202534157,
      "transform_matrix": [
        [
          0.10044299622561463,
          0.27620702318845797,
          0.9558351765956413,
          4.030897873350711
        ],
        [
          0.993473850865308,
          -0.08002794664602766,
          -0.08127259933340977,
          -0.4893214515178088
        ],
        [
          0.05404546378632305,
          0.957760517073085,
          -0.28244270170599123,
          -0.677220627222004
        ],
        [
          0.0,
          0.0,
          0.0,
          1.0
        ]
      ]
    },
    {
      "file_path": "./images/0035.jpg",
      "sharpness": 19.613383296754098,
      "transform_matrix": [
        [
          0.1801062047160458,
          0.28815272841009,
          0.9404944232155933,
          3.8478821723814454
        ],
        [
          0.9787608030932053,
          -0.14768306645702423,
          -0.14218650502113747,
          -0.5488923648997365
        ],
        [
          0.09792367104127343,
          0.9461277487523715,
          -0.3086312324725601,
          -0.914170270000888
        ],
        [
          0.0,
          0.0,
          0.0,
          1.0
        ]
      ]
    },
    {
      "file_path": "./images/0072.jpg",
      "sharpness": 21.37331275597275,
      "transform_matrix": [
        [
          0.9905996125709884,
          -0.13234968735557198,
          0.0345827673577249,
          0.3267558620066478
        ],
        [
          0.09113003490070352,
          0.4499463616502253,
          -0.8883938250441936,
          -3.088081205240462
        ],
        [
          0.10201825464481555,
          0.8831941076955094,
          0.4577777231562494,
          2.0459356692337045
        ],
        [
          0.0,
          0.0,
          0.0,
          1.0
        ]
      ]
    },
    {
      "file_path": "./images/0074.jpg",
      "sharpness": 19.649967577352644,
      "transform_matrix": [
        [
          0.984392430429488,
          -0.1536738252414159,
          0.08576653377527108,
          0.5316980709122366
        ],
        [
          0.14724655410087298,
          0.45229258508283093,
          -0.8796305302707729,
          -2.978442118432031
        ],
        [
          0.09638462111103376,
          0.8785304621288107,
          0.4678613383172224,
          2.057963216058983
        ],
        [
          0.0,
          0.0,
          0.0,
          1.0
        ]
      ]
    },
    {
      "file_path": "./images/0054.jpg",
      "sharpness": 18.43705331441456,
      "transform_matrix": [
        [
          0.9855440128312363,
          0.013533433188475876,
          0.1688781955305831,
          0.26986800883279377
        ],
        [
          0.1658476775833252,
          -0.28067349884131615,
          -0.9453660322268426,
          -3.0243365440862506
        ],
        [
          0.03460558598178032,
          0.959707889518396,
          -0.27886057480749193,
          -1.39028877254652
        ],
        [
          0.0,
          0.0,
          0.0,
          1.0
        ]
      ]
    },
    {
      "file_path": "./images/0076.jpg",
      "sharpness": 17.170383869027763,
      "transform_matrix": [
        [
          0.9694339396128306,
          -0.18894303802248785,
          0.15651953576665006,
          0.8621216504487882
        ],
        [
          0.22450856815858705,
          0.4258134005914685,
          -0.8765151742554392,
          -3.000347141698433
        ],
        [
          0.0989633241128381,
          0.8848635353726948,
          0.455217293405286,
          2.0823885504698043
        ],
        [
          0.0,
          0.0,
          0.0,
          1.0
        ]
      ]
    },
    {
      "file_path": "./images/0077.jpg",
      "sharpness": 17.710142740192367,
      "transform_matrix": [
        [
          0.9569325954660616,
          -0.21549868978585496,
          0.19452589134147535,
          1.0127229725694156
        ],
        [
          0.26944450244629614,
          0.4098401312508989,
          -0.8714532270395505,
          -3.0085377149526855
        ],
        [
          0.10807251179759025,
          0.8863359303836583,
          0.4502543177712525,
          2.1050631246792264
        ],
        [
          0.0,
          0.0,
          0.0,
          1.0
        ]
      ]
    },
    {
      "file_path": "./images/0033.jpg",
      "sharpness": 32.02583291089095,
      "transform_matrix": [
        [
          0.05261482381380137,
          0.17706352163605416,
          0.982792037812634,
          4.15225635809535
        ],
        [
          0.9980601335797126,
          -0.0421233774544153,
          -0.04584311104857681,
          -0.45931414392665526
        ],
        [
          0.03328137728296187,
          0.983297579751253,
          -0.1789363561393806,
          -0.4242375937874299
        ],
        [
          0.0,
          0.0,
          0.0,
          1.0
        ]
      ]
    },
    {
      "file_path": "./images/0046.jpg",
      "sharpness": 19.804643513969268,
      "transform_matrix": [
        [
          0.7392964794726314,
          -0.11342058072178998,
          0.6637593594633023,
          2.0054297407089297
        ],
        [
          0.5307750888665281,
          -0.5084425326630754,
          -0.6780589915470624,
          -2.1131705393849023
        ],
        [
          0.41438933438924136,
          0.8535935583306301,
          -0.31568895560005883,
          -1.8470974098346977
        ],
        [
          0.0,
          0.0,
          0.0,
          1.0
        ]
      ]
    },
    {
      "file_path": "./images/0073.jpg",
      "sharpness": 22.27376531814042,
      "transform_matrix": [
        [
          0.9885972760675126,
          -0.14129355525752635,
          0.05207261239473031,
          0.4132605412111519
        ],
        [
          0.11133264234669032,
          0.45297643181562064,
          -0.8845436082905268,
          -3.036797817295995
        ],
        [
          0.10139264503780666,
          0.8802547832507438,
          0.4635418514690825,
          2.064789494990117
        ],
        [
          0.0,
          0.0,
          0.0,
          1.0
        ]
      ]
    },
    {
      "file_path": "./images/0039.jpg",
      "sharpness": 27.656625787009336,
      "transform_matrix": [
        [
          0.4119543620108935,
          0.19357541383575075,
          0.8904056169777593,
          3.2309273442385926
        ],
        [
          0.8879494735546021,
          -0.30463723456682545,
          -0.34458944808208286,
          -0.8390888139850012
        ],
        [
          0.20454665978295056,
          0.9325903250858026,
          -0.2973818244193085,
          -1.7163024547454755
        ],
        [
          0.0,
          0.0,
          0.0,
          1.0
        ]
      ]
    },
    {
      "file_path": "./images/0078.jpg",
      "sharpness": 19.52352332697529,
      "transform_matrix": [
        [
          0.9385811538105351,
          -0.25023104512634664,
          0.23759175434700971,
          1.171203190026471
        ],
        [
          0.3223777443450799,
          0.3903891202930892,
          -0.8623624091457713,
          -3.041644647573381
        ],
        [
          0.12303661094979976,
          0.88599139882025,
          0.447080790852711,
          2.1171469652269734
        ],
        [
          0.0,
          0.0,
          0.0,
          1.0
        ]
      ]
    },
    {
      "file_path": "./images/0045.jpg",
      "sharpness": 28.106999420846048,
      "transform_matrix": [
        [
          0.6650905033390846,
          -0.05317498386914191,
          0.744867131390363,
          2.2110847841085124
        ],
        [
          0.623405064902618,
          -0.5096045116275425,
          -0.5930171724179236,
          -1.9571475376808676
        ],
        [
          0.41112132929704187,
          0.8587640320803934,
          -0.3057835668720926,
          -1.8948653573819247
        ],
        [
          0.0,
          0.0,
          0.0,
          1.0
        ]
      ]
    },
    {
      "file_path": "./images/0044.jpg",
      "sharpness": 22.645864180640608,
      "transform_matrix": [
        [
          0.6127564289019103,
          0.004510701600844376,
          0.7902589527347824,
          2.4306583032655675
        ],
        [
          0.6881534685622783,
          -0.4947091079527012,
          -0.5307614362538794,
          -1.7732313527222567
        ],
        [
          0.3885541950988834,
          0.8690469216646103,
          -0.3062402412866171,
          -1.9313720964793837
        ],
        [
          0.0,
          0.0,
          0.0,
          1.0
        ]
      ]
    },
    {
      "file_path": "./images/0084.jpg",
      "sharpness": 22.036419643640826,
      "transform_matrix": [
        [
          0.817374001213106,
          -0.35552323971597083,
          0.4533243520149412,
          1.713790787898302
        ],
        [
          0.5617417171471678,
          0.3172085233111769,
          -0.7640844167729285,
          -2.7235071427365587
        ],
        [
          0.1278514189839443,
          0.8791939369277714,
          0.4589902350815312,
          2.231749093089206
        ],
        [
          0.0,
          0.0,
          0.0,
          1.0
        ]
      ]
    },
    {
      "file_path": "./images/0085.jpg",
      "sharpness": 21.745143126936977,
      "transform_matrix": [
        [
          0.7626806461061806,
          -0.4020581369012865,
          0.506623614307065,
          1.820107297154552
        ],
        [
          0.6297510483081239,
          0.2830931579862506,
          -0.7233753389880824,
          -2.549439553464018
        ],
        [
          0.14741726218928994,
          0.8707511231242331,
          0.46910620583558926,
          2.2531406180037825
        ],
        [
          0.0,
          0.0,
          0.0,
          1.0
        ]
      ]
    },
    {
      "file_path": "./images/0042.jpg",
      "sharpness": 29.709370165166295,
      "transform_matrix": [
        [
          0.5586570553671648,
          0.13064109838610966,
          0.8190452965910909,
          2.7862212958536157
        ],
        [
          0.7698314224489059,
          -0.44916184992465863,
          -0.4534459323695441,
          -1.4602854894014328
        ],
        [
          0.3086452259254743,
          0.8838475750705939,
          -0.3514990590630443,
          -1.8777572563695937
        ],
        [
          0.0,
          0.0,
          0.0,
          1.0
        ]
      ]
    },
    {
      "file_path": "./images/0081.jpg",
      "sharpness": 22.335544930506998,
      "transform_matrix": [
        [
          0.8811449878989205,
          -0.3487259962966859,
          0.31933319554115236,
          1.609771089921338
        ],
        [
          0.44118295908920285,
          0.3633570817826536,
          -0.8205664066531251,
          -2.899872431591907
        ],
        [
          0.17012085963954013,
          0.8639223406048852,
          0.47402223838786567,
          2.0943719957580242
        ],
        [
          0.0,
          0.0,
          0.0,
          1.0
        ]
      ]
    },
    {
      "file_path": "./images/0049.jpg",
      "sharpness": 30.015080859073596,
      "transform_matrix": [
        [
          0.8397925321356727,
          -0.11538365332215078,
          0.5305045857315633,
          1.4435385659834532
        ],
        [
          0.4361432240598823,
          -0.43852449801127347,
          -0.7857959994493127,
          -2.5138762685673672
        ],
        [
          0.32330727033300505,
          0.8912815925191364,
          -0.31794580002468137,
          -1.7757972166048617
        ],
        [
          0.0,
          0.0,
          0.0,
          1.0
        ]
      ]
    },
    {
      "file_path": "./images/0090.jpg",
      "sharpness": 16.70842253664655,
      "transform_matrix": [
        [
          0.5355829413285751,
          -0.36143167527960235,
          0.7632287055853186,
          2.2294273353160934
        ],
        [
          0.8444784722637775,
          0.22638784874550594,
          -0.48539123583285965,
          -1.7793680195440558
        ],
        [
          0.0026500627748296947,
          0.9044974770630255,
          0.4264707388800231,
          2.2192312929143267
        ],
        [
          0.0,
          0.0,
          0.0,
          1.0
        ]
      ]
    },
    {
      "file_path": "./images/0097.jpg",
      "sharpness": 17.557719836028564,
      "transform_matrix": [
        [
          0.41365027915254143,
          -0.18046724542245784,
          0.8923704498994146,
          2.6587657845659987
        ],
        [
          0.9098518927852408,
          0.11704161173309849,
          -0.3980839036157652,
          -1.0839041211367253
        ],
        [
          -0.03260337018666127,
          0.9765924607633939,
          0.2126127601992216,
          1.3137450328781646
        ],
        [
          0.0,
          0.0,
          0.0,
          1.0
        ]
      ]
    },
    {
      "file_path": "./images/0089.jpg",
      "sharpness": 25.274699007258214,
      "transform_matrix": [
        [
          0.5606257173795436,
          -0.3787551278311584,
          0.7363717526638999,
          2.160514743349963
        ],
        [
          0.827679270733705,
          0.22901564734985563,
          -0.5123464238838613,
          -1.890821128385934
        ],
        [
          0.02541318164549811,
          0.8967142166704903,
          0.4418798295765982,
          2.2676415002324646
        ],
        [
          0.0,
          0.0,
          0.0,
          1.0
        ]
      ]
    },
    {
      "file_path": "./images/0094.jpg",
      "sharpness": 26.230335626371414,
      "transform_matrix": [
        [
          0.37475420550547905,
          -0.2398832588844819,
          0.8955530735416783,
          2.607580265805262
        ],
        [
          0.9195058456153108,
          0.21974334156794087,
          -0.32591695831263534,
          -1.2293848124565903
        ],
        [
          -0.11860980284573538,
          0.9456050369535455,
          0.302923800193945,
          1.8240416626262144
        ],
        [
          0.0,
          0.0,
          0.0,
          1.0
        ]
      ]
    },
    {
      "file_path": "./images/0110.jpg",
      "sharpness": 22.35281006506821,
      "transform_matrix": [
        [
          -0.090928457481101,
          0.3387201433194418,
          0.9364831445876605,
          2.8268061887405973
        ],
        [
          0.9882624337884278,
          -0.08522709455506658,
          0.12678211355000937,
          0.1789967631477181
        ],
        [
          0.12275739318499952,
          0.9370192136933378,
          -0.32699482496654836,
          -0.8171629405096248
        ],
        [
          0.0,
          0.0,
          0.0,
          1.0
        ]
      ]
    },
    {
      "file_path": "./images/0105.jpg",
      "sharpness": 23.788726792775847,
      "transform_matrix": [
        [
          0.006770470785688211,
          0.15577272357432956,
          0.9877697197639763,
          2.9222751335405617
        ],
        [
          0.987016993689932,
          -0.15955874229654893,
          0.01839733469730689,
          -0.14148929462874038
        ],
        [
          0.16047309709646265,
          0.9748209406422841,
          -0.15483061312454732,
          -0.1110566917608714
        ],
        [
          0.0,
          0.0,
          0.0,
          1.0
        ]
      ]
    },
    {
      "file_path": "./images/0107.jpg",
      "sharpness": 26.744635648823298,
      "transform_matrix": [
        [
          -0.06447840752434764,
          0.1574006836829342,
          0.985427602468237,
          2.9001509209411256
        ],
        [
          0.9869705577842918,
          -0.13581632490241802,
          0.08627307782209505,
          0.20941466348920057
        ],
        [
          0.14741659685726566,
          0.9781507811343061,
          -0.14659262022465697,
          -0.22476769724966172
        ],
        [
          0.0,
          0.0,
          0.0,
          1.0
        ]
      ]
    },
    {
      "file_path": "./images/0108.jpg",
      "sharpness": 27.500816137743453,
      "transform_matrix": [
        [
          -0.08490404534362384,
          0.1688709516646188,
          0.9819744929147614,
          2.8998218719678905
        ],
        [
          0.9842840966828263,
          -0.13894021555276662,
          0.10899740143396032,
          0.26689341189924465
        ],
        [
          0.15484224262201898,
          0.9757961970378685,
          -0.1544204057538334,
          -0.2747659037755348
        ],
        [
          0.0,
          0.0,
          0.0,
          1.0
        ]
      ]
    },
    {
      "file_path": "./images/0103.jpg",
      "sharpness": 30.851219562897608,
      "transform_matrix": [
        [
          0.16638976205663913,
          0.10332879898512097,
          0.9806312285207199,
          2.947386174943769
        ],
        [
          0.9712099819772112,
          -0.18911801184310453,
          -0.14486389648310816,
          -0.5481584119972253
        ],
        [
          0.17048641584919522,
          0.9765027070443212,
          -0.13182126199126484,
          0.02689385319483284
        ],
        [
          0.0,
          0.0,
          0.0,
          1.0
        ]
      ]
    },
    {
      "file_path": "./images/0115.jpg",
      "sharpness": 47.445226579087695,
      "transform_matrix": [
        [
          0.1400202698080905,
          0.29220696530153323,
          0.9460493715653358,
          2.610357123551209
        ],
        [
          0.9892414179788707,
          -0.0003924434049550254,
          -0.14629170497078703,
          -0.2672028908173985
        ],
        [
          -0.04237618432166823,
          0.9563550258060076,
          -0.2891181827296374,
          -1.3659871928528378
        ],
        [
          0.0,
          0.0,
          0.0,
          1.0
        ]
      ]
    }
  ]
}